0100000000000000000000000000000000111100000000000000000000000000
0011110000000000000000000000000000111100000000000000000000000000
0011110000000000000000000000000000111100000000000000000000000000
0011110000000000000000000000000000111100000000000000000000000000
0011110000000000000000000000000000111100000000000000000000000000
0011110000000000000000000000000000111100000000000000000000000000
0011110000000000000000000000000000111100000000000000000000000000
0011110000000000000000000000000000111100000000000000000000000000
0011110000000000000000000000000000111100000000000000000000000000
0100000000000000000000000000000000111100000000000000000000000000
0100000000000000000000000000000000111100000000000000000000000000
0100000000000000000000000000000000111100000000000000000000000000
0100000000000000000000000000000000111100000000000000000000000000
0100000000000000000000000000000000111100000000000000000000000000
0100000000000000000000000000000000111100000000000000000000000000
0100000000000000000000000000000000111100000000000000000000000000
0100000000000000000000000000000000111100000000000000000000000000
